tf_tool0_to_camera:
  parent_link: tool0
  child_link: camera_link
  tf:
    x: -0.01692856
    y: -0.0914942
    z: 0.02279194
    qx: 0.51734014
    qy: -0.49873382
    qz: 0.49523948
    qw: 0.48822291
